768

-1.5
0 
-0.15 
0 
0 
0 
0 
-1

-1 
0.5 
-0.15 
0 
0 
0 
0 
-1

-1 
-0.5 
-0.15 
0 
0 
0 
0 
-1

-1 
0.5 
-0.15 
0 
0 
0 
0 
-1

-1 
-0.5
-0.15
0 
0 
0 
0 
-1

-0.5 
0.125 
-0.15
0 
0 
0 
0 
-1

-1 
-0.5 
-0.15
0 
0 
0 
0 
-1

-0.5 
0.125 
-0.15 
0 
0 
0 
0 
-1

-0.5 
-0.125 
-0.15 
0 
0 
0 
0 
-1

-0.5 
0.125 
-0.15 
0 
0 
0 
0 
-1

-0.5 
-0.125 
-0.15 
0 
0 
0 
0 
-1

1.5 
0.125 
-0.15 
0 
0 
0 
0 
-1

-0.5 
-0.125 
-0.15
0 
0 
0 
0 
-1

1.5 
0.125 
-0.15 
0 
0 
0 
0 
-1

1.5 
-0.125 
-0.15 
0 
0 
0 
0 
-1

1
0.375 
-0.15
0 
0 
0 
0 
-1

1
0.125 
-0.15
0 
0 
0 
0 
-1

1.5 
0.375 
-0.15 
0 
0 
0 
0 
-1

1
0.125 
-0.15
0 
0 
0 
0 
-1

1.5 
0.375 
-0.15 
0 
0 
0 
0 
-1

1.5 
0.125 
-0.15 
0 
0 
0 
0 
-1

-1.5
0 
0.15
0 
0 
0 
0 
1

-1 
0.5 
0.15
0 
0 
0 
0 
1

-1 
-0.5 
0.15 
0 
0 
0 
0 
1

-1 
0.5 
0.15 
0 
0 
0 
0 
1

-1 
-0.5
0.15 
0 
0 
0 
0 
1

-0.5 
0.125 
0.15
0 
0 
0 
0 
1

-1 
-0.5 
0.15
0 
0 
0 
0 
1

-0.5 
0.125 
0.15 
0 
0 
0 
0 
1

-0.5 
-0.125 
0.15
0 
0 
0 
0 
1

-0.5 
0.125 
0.15
0 
0 
0 
0 
1

-0.5 
-0.125 
0.15 
0 
0 
0 
0 
1

1.5 
0.125 
0.15
0 
0 
0 
0 
1

-0.5 
-0.125 
0.15
0 
0 
0 
0 
1

1.5 
0.125 
0.15 
0 
0 
0 
0 
1

1.5 
-0.125 
0.15
0 
0 
0 
0 
1

1
0.375 
0.15 
0 
0 
0 
0 
1

1
0.125 
0.15 
0 
0 
0 
0 
1

1.5 
0.375 
0.15 
0 
0 
0 
0 
1

1
0.125 
0.15
0 
0 
0 
0 
1

1.5 
0.375 
0.15
0 
0 
0 
0 
1

1.5 
0.125 
0.15
0 
0 
0 
0 
1

-1 
0.5 
0.15 
0 
0 
-0.7071 
0.7071 
0
 
-1.5 
0 
0.15  
0 
0 
-0.7071 
0.7071 
0 
-1 
0.5 
-0.15  
0 
0 
-0.7071 
0.7071 
0 

-1.5 
0 
-0.15 
0
0 
-0.7071 
0.7071 
0
 
-1.5 
0 
0.15  
0 
0 
-0.7071 
0.7071 
0
 
-1 
0.5 
-0.15  
0 
0 
-0.7071 
0.7071 
0 

-1 
-0.5 
0.15 
0 
0 
-0.7071 
-0.7071 
0
 
-1.5 
0 
0.15  
0 
0 
-0.7071 
-0.7071 
0 
-1 
-0.5 
-0.15  
0 
0 
-0.7071 
-0.7071 
0 

-1.5 
0 
-0.15 
0
0 
-0.7071 
-0.7071 
0
 
-1.5 
0 
0.15  
0 
0 
-0.7071 
-0.7071 
0
 
-1 
-0.5 
-0.15  
0 
0 
-0.7071 
-0.7071 
0 

-1 
0.5 
-0.15 
0 
0 
0.375 
0.5 
0

-1 
0.5 
0.15 
0 
0 
0.375 
0.5 
0

-0.5 
0.125 
-0.15 
0 
0 
0.375 
0.5 
0

-0.5 
0.125 
0.15 
0 
0 
0.375 
0.5 
0

-1 
0.5 
0.15 
0 
0 
0.375 
0.5 
0

-0.5 
0.125 
-0.15 
0 
0 
0.375 
0.5 
0

-1 
-0.5 
-0.15 
0 
0 
0.375 
-0.5 
0

-1 
-0.5 
0.15 
0 
0 
0.375 
-0.5 
0

-0.5 
-0.125 
-0.15 
0 
0 
0.375 
-0.5 
0

-0.5 
-0.125 
0.15 
0 
0 
0.375 
-0.5 
0

-1 
-0.5 
0.15 
0 
0 
0.375 
-0.5 
0

-0.5 
-0.125 
-0.15 
0 
0 
0.375 
-0.5 
0

-0.5 
0.125 
0.15 
0 
0 
0 
1 
0

-0.5 
0.125 
-0.15 
0 
0 
0 
1 
0

1 
0.125 
0.15 
0
0 
0 
1 
0

-0.5 
0.125 
-0.15 
0 
0 
0 
1 
0

1 
0.125 
0.15 
0 
0 
0 
1 
0

1
0.125 
-0.15 
0 
0 
0 
1 
0

-0.5 
-0.125 
0.15 
0 
0 
0 
-1 
0

-0.5 
-0.125 
-0.15 
0 
0 
0 
-1 
0

1.5 
-0.125 
0.15 
0
0 
0 
-1 
0

-0.5 
-0.125 
-0.15 
0 
0 
0 
-1 
0

1.5 
-0.125 
0.15 
0 
0 
0 
-1 
0

1.5
-0.125 
-0.15 
0 
0 
0 
-1 
0

1
0.375 
0.15 
0 
0 
0 
1 
0

1 
0.375 
-0.15 
0 
0 
0 
1 
0

1.5 
0.375 
0.15 
0 
0 
0 
1 
0

1
0.375 
-0.15 
0 
0 
0 
1
0

1.5 
0.375 
0.15 
0 
0 
0 
1 
0

1.5 
0.375 
-0.15 
0 
0 
0 
1 
0

1 
0.125 
-0.15 
0 
0 
-1
0 
0

1 
0.375 
-0.15 
0 
0 
-1 
0 
0

1 
0.375 
0.15 
0 
0 
-1 
0 
0

1 
0.125 
-0.15 
0 
0 
-1 
0 
0

1 
0.125 
0.15 
0 
0 
-1 
0 
0

1 
0.375 
0.15 
0 
0 
-1 
0 
0

1.5 
-0.125 
-0.15 
0 
0 
1
0 
0

1.5  
0.375 
-0.15 
0 
0 
1 
0 
0

1.5  
0.375 
0.15 
0 
0 
1 
0 
0

1.5  
-0.125 
-0.15 
0 
0 
1 
0 
0

1.5 
-0.125 
0.15 
0 
0 
1 
0 
0

1.5 
0.375 
0.15 
0 
0 
1 
0 
0